Mapped
id size density cross angleM angleD minAng edgeM edgeD minVertx finVertx devVertx minPtEdg
1 35 44.0 178 52.18156499553907 23.107216342587098 4.97041641045959 0.7389721444333163 0.4380439244316807 0.022023883139826353 94.3012201786516 101.1851239011164 3.9515413469241726E-4
2 46 66.0 433 53.768706669521535 22.812100268217563 1.1192929462549484 0.7648543249378675 0.42986518512203975 0.5086316735445043 94.10543774150118 103.39609780766101 2.90748178259763E-4
3 38 44.0 162 53.259258448829584 22.811759549620007 3.9479694177330202 0.5371524993924942 0.3550195083376864 0.16703246126621416 105.95794224727952 110.93176535598315 4.2828967478235813E-4
4 43 48.0 229 45.47484706783173 20.676023925075523 1.725615691694768 0.4835921629247457 0.37230682873919224 0.7550850610416593 91.29715209093092 98.13785835236716 0.0013616129994573607
5 37 47.0 147 54.6561709186636 23.84191480304568 3.701631866355664 0.5100347619261123 0.303807870397401 2.579187868425478E-4 103.031355803276 113.57195323556789 1.5254188144650826E-6
6 46 69.0 242 58.52691149781069 22.636397780432038 8.487513956301383 0.46308703752994756 0.3000177645610911 1.273074024144195 80.98773110148413 84.8647910530796 0.0016549367291290107
7 44 55.0 253 49.350754242776866 22.297812842501216 0.7196853369188912 0.4447284543498953 0.3106442565013073 0.891006249468888 104.70558810916378 113.42171323074773 1.6603140976437943E-4
8 41 50.0 88 45.08453762384522 21.548437350565205 3.7254219115129295 0.504084503813558 0.42321432005006066 1.6448546406555165 85.46327651020549 88.79223995221871 5.473852491829511E-4
9 44 65.0 309 53.007106979196706 22.832505997079707 2.7776213600031663 0.41570916035611843 0.27378676465001933 0.08596163744030146 93.65989619737057 101.03695792183656 3.8380858677491264E-4
10 47 75.0 131 59.87850155928402 18.584502521151016 8.867418050649468 0.1313088324187523 0.05780197613789634 0.7843186353805978 68.28810176065515 67.72275769657 2.306264768603495E-4
11 44 55.0 216 53.81803623759492 23.558579652579287 5.139253026310668 0.4970531168512528 0.3968510044416253 0.2686502521673145 97.31771892253556 102.30382662326267 1.552881885887514E-4
12 39 45.0 79 37.237371383758344 21.76088343908033 3.419936948910195 0.6271295389122244 0.4612639677182738 1.150533122606987 108.05219395756482 111.45160249834794 0.0011095319743429563
13 40 51.0 227 60.78683293173388 21.931647395639924 1.4086667751905806 0.4938293260759122 0.3613404583617813 0.05262314783691403 100.17415586584248 107.42929714740234 2.196286153150465E-4
14 38 36.0 112 46.29204311734748 23.886487851950843 2.4034476198471864 0.6877162907195584 0.5360866645027569 0.3738951681268114 96.89196645782728 107.90422466482646 1.5016586028238966E-4
15 46 59.0 237 53.38213620430061 22.217286897640758 3.310369574691484 0.5784159024262571 0.4632582346314447 1.0553072013681164 95.89411717664333 100.0241090701282 6.663698112031899E-4
16 46 63.0 92 55.95632950992305 21.18293767662798 9.715548446954202 0.3806570698799519 0.2682276280052535 0.36078840379947075 63.31230323154374 62.071446086159824 8.87348509090026E-4
17 40 57.0 123 52.84102634203996 20.196416866864094 1.5503183694053169 0.23657667922593098 0.20016967493228277 1.3469438368689906 72.52079979562693 72.08723489516359 5.917072652998561E-4
18 42 46.0 172 56.54547768881338 21.339841489442506 4.998889354739863 0.5092566429848945 0.305751235345894 1.3527181329363551 89.01291831315659 97.73544791623462 0.0012425005174817082
19 41 46.0 205 59.27055260642994 22.316989946784194 2.8639253819279675 0.6284347480125976 0.4183660267262569 0.8209898743679936 96.3504456980725 106.31985705630653 2.137938523756783E-4
20 37 36.0 78 50.001386052144476 25.88376455627928 2.6275500930026037 0.6182637787913904 0.4160111051847125 1.2957116346645623 103.83049970685249 105.97284818255281 0.0016786451559780786
21 41 59.0 386 53.031282169949264 22.807017207065332 5.6165820396121475 0.8295167538518281 0.36370415793306415 1.3229124316047234 88.95648859447527 107.36637655606332 0.001252587247103705
22 36 45.0 170 46.830091584718595 24.942761948132606 3.5117739863768445 0.7234591430270726 0.43456389044962007 0.5247940754010029 113.16363690023965 117.57164674487657 1.668136297459822E-4
23 34 39.0 67 54.84778680688438 24.334532294060413 4.702046106967675 0.45299876964350844 0.38997343619177777 0.29718153961398336 94.35432015648406 103.32050712250548 6.414700127195709E-4
24 39 44.0 80 61.8455456564172 19.477543633134253 8.530528654296901 0.43898998945578144 0.371961231820244 1.300423434164975 74.94684769667673 86.5206828470666 0.0027621695795240456
25 39 54.0 227 57.42270966279242 21.389617955139713 1.4946232958910102 0.6626743859768454 0.4232740052238664 1.5586007895193617 88.09984460769434 98.17883582927682 2.847362986463428E-4
26 40 54.0 269 52.59085067729428 22.80645007897159 5.514417754204761 0.6623842427302007 0.3486571609651424 0.15952629569548438 96.06345192048114 101.43270232548603 6.140840374773157E-4
27 43 65.0 466 56.00025344087272 21.617539416671253 0.3261155490097599 0.6790261282833709 0.36931266909194915 0.06446827487957525 99.01139565753411 108.59633059136777 2.0054579035576683E-6
28 35 34.0 60 55.007978586630514 23.588073201304017 2.1268972102871038 0.5141769499739813 0.3651097318539783 0.41354793947490204 72.7415001570024 78.4872796074414 7.890119650845532E-4
29 36 40.0 27 57.164378411379076 18.946392717592975 19.87806346788113 0.3322809420345274 0.25160373076477666 2.6282054258492726 51.69701730970781 48.89326036862204 0.0146767331586714
30 38 48.0 244 51.465595718360106 21.67071946346415 1.0295929004633 0.8047613512173027 0.40817826139130253 0.057951318471873646 89.54429246821543 100.88505721346377 3.861716255096754E-4
31 45 65.0 262 55.35188861453951 21.09369722846899 3.947053559912036 0.2930139600092581 0.18285282454345073 0.33153910172935075 98.26495589513536 108.60347980781529 8.212137007253455E-4
32 39 49.0 57 49.03139875188977 26.060662582693418 5.444875671204171 0.43843488182120316 0.4304723520682788 4.190865741747451 71.04160026480355 69.29954395725439 4.854833120081008E-4
33 35 46.0 211 47.27209902383916 23.030107189162553 2.623209378990134 0.5820816075309084 0.37821160983628266 3.4388641708939565 106.48911965506413 114.59833613827095 1.8927145289568086E-4
34 40 42.0 57 50.989427410969995 22.20173399477066 6.9130682026473425 0.36890909857588755 0.28979172544899456 1.0820854721579176 89.98547941441569 94.53953752834195 9.717217749586252E-6
35 39 48.0 207 52.24841123955694 22.26287560582364 1.5679508019546973 0.5180506889589381 0.30450807632651433 0.7712773027115493 87.85581563708543 98.01861323123632 3.7572657565768303E-4
36 48 69.0 34 67.19784445648837 18.871934037478155 7.697618138485179 0.2526188132480144 0.07401989634945833 4.746737833774729 51.60680171979527 49.106571855405946 3.7904179783551526E-4
37 42 50.0 11 44.119309327661064 28.17550170130344 6.855604192082086 0.2076109487070159 0.20057136049976726 2.4548206465379447 55.505703385095906 52.6969293133403 0.0038646341151877964
38 41 47.0 56 45.05806818349048 25.494845254266806 3.389990765257916 0.3467950190640883 0.3777855488514917 0.3233079408445215 76.79667452095053 77.32364740055824 4.074486081312448E-4
39 35 37.0 77 55.70722265766919 23.934211140491094 3.164219239583519 0.6922405361858394 0.422368153963691 1.091073079067687 104.847413986928 107.35476061234026 1.8327500280426964E-4
40 42 51.0 38 59.028538411223266 21.22486442851888 10.753262163114641 0.31996714753628464 0.2137768570284202 0.6604998949296489 65.1207850332256 63.00362272517443 0.0017446672694090208
41 33 32.0 48 52.5135040085352 23.544642824126747 3.1001501741728914 0.5182111903058783 0.34486047236812184 0.23047511847901195 105.42938172482809 110.50959599095295 5.849362604733122E-4
42 44 58.0 148 54.5812148448248 22.711424069486803 6.861713951587962 0.40101319704740135 0.2722353823811484 0.12177780013762471 88.41745557659189 92.73966876050403 2.446337414085679E-4
43 38 40.0 75 52.22206349618537 22.095061054512865 5.436856299841132 0.4431664794614167 0.3451710920345396 2.57808599554349 101.43547758320672 107.67583197157656 0.00360610363974008
44 38 44.0 75 43.22294779359745 23.60269951248094 2.6985874152501275 0.325709624427739 0.27845161640745414 2.692241495535741 75.32783004651424 81.29545434797697 0.002698655389411971
45 42 57.0 163 50.6878060142644 22.21105807482975 1.4778333179526195 0.3216216176641323 0.3249372009085486 0.13696795074751378 82.46303783756765 88.81213737208084 4.992793454414751E-4
46 47 63.0 138 55.89487591178328 21.60055854231963 6.281182346799392 0.4214300318873778 0.3210454485680337 0.8575783668639094 77.63680585346509 78.09851260147668 0.0035250379127716174
47 41 57.0 321 61.369534295959305 21.512540814613633 4.439165124498963 0.4149773799141385 0.23060446083341649 0.227041813853962 87.20633739674037 97.03565471677753 0.0015711935840301626
48 34 46.0 307 55.77965375797231 21.566099206477674 5.685554763326768 0.8262512742074087 0.3844770195401392 0.010029697228150518 95.98479134103398 108.37033606686512 6.665189398075955E-5
49 41 44.0 224 54.46904617323513 22.32122224968819 5.957882595467732 0.6727567672547704 0.4163960555616167 2.4369652472114667 107.60272051034099 116.68844966630671 1.6592601769261015E-4
50 50 73.0 33 59.89264395620567 22.03530590462987 8.617840485726193 0.1754982024387849 0.04873210018370655 0.19776208910728235 51.59771623487426 44.10403268167966 4.2284829690139055E-4
51 36 31.0 119 56.47354576900004 22.985717957612223 2.1624806594089607 1.0509499278349943 0.5302971792275383 5.316087634524244 109.35433096599378 114.49957824854366 0.001954699735932991
52 38 45.0 87 50.34263987689118 22.253947116018985 3.664487104747383 0.42499832063814674 0.3902324453615549 1.7384049660522494 83.36318941734585 87.62057119585171 0.0012177141683845554
53 35 31.0 85 55.023372817959086 24.020020952559662 9.36462592424437 0.7961615345531082 0.4526299470147101 1.9039339615476747 101.44534520912018 103.78898585120646 8.874768289994822E-4
54 39 53.0 222 55.107324784423575 23.35107905275666 4.470201474024734 0.44325384305990995 0.27198912775527523 0.6056776635808472 95.13581986617707 102.29830407219926 7.902792241023457E-6
55 37 43.0 149 53.923020668810736 22.704115592343 1.4018858406455736 0.36446593779815845 0.25193352713772865 0.9260050050356907 94.59278957646825 102.14376213368041 2.064157369289079E-5
56 40 58.0 237 53.549589894867985 22.570434736936775 1.6228978318779195 0.6662925167882444 0.320775978147819 0.21023854480497994 92.53059846240302 99.6404559818882 0.0014847314966023363
57 44 45.0 16 62.24991255542051 20.060966761513807 15.604830949740693 0.16934374284021392 0.13375564567878095 2.212629546559594 56.93037396790344 54.566913425906264 8.910050316073125E-4
58 42 55.0 239 56.20982525642026 22.1075203589637 0.5153462790741165 0.7213097284830065 0.4741605207495423 0.23216150624392007 90.36657279660002 94.73126024286401 6.619810462599039E-6
59 47 60.0 204 55.537413628131056 22.127854594114176 3.4403338065135416 0.5527755569881052 0.3919429791637874 1.0655018289044236 90.15066939404758 89.31248690199489 7.808238946613706E-4
60 47 67.0 77 60.69956641222313 23.44520672895212 4.7605765208216955 0.283804088392556 0.18416239166732065 0.30082490022609454 79.14032974952879 73.02354801822771 6.634123093334836E-4
61 40 41.0 184 53.62093368972271 21.679043463493137 3.1833882113454854 0.6368507965283007 0.35239923588713223 0.2354028500045215 104.25890773899107 111.34794596682853 8.833143765724696E-4
62 35 43.0 119 53.41416571154037 21.777992309407846 6.4817957545826035 0.6507244786174445 0.38052022084133647 4.037009541140678 92.57366633289561 93.23098788864803 8.301484645655879E-5
63 39 43.0 65 57.46705320806482 22.800347009127282 8.812495080223329 0.4191774642637755 0.3503491395483014 0.6970373475835594 87.20722041019188 90.62730517538809 5.440391440400963E-5
64 41 55.0 96 51.79179274777707 21.72824561744953 8.08514348647454 0.34785424487699024 0.26926377969568244 0.5335583924333792 81.89937538713228 83.81865861998187 0.0017423791333937072
65 38 46.0 97 54.18094704315254 20.215960568047127 9.610532271700443 0.4219967427770905 0.2923134232882775 0.036444819722765 99.66836375317713 107.04759049331399 1.6675434401885629E-4
66 44 48.0 145 49.88797379246115 24.06171803449105 4.499888902961624 0.569400402555179 0.46233662374676066 0.5156186476541895 100.9799214840103 109.55237613399625 1.926695076443064E-5
67 42 51.0 213 44.9004641187975 22.822119146627536 4.0393651381742 0.6993171393853915 0.37685372547275314 0.3455590383306651 97.12401560515562 108.3696568024587 1.9859083991413876E-4
68 46 60.0 358 54.78304140064171 21.30127821829544 3.570413991181829 0.586227588877643 0.2640737974166207 1.6772874498254218 97.82985592143825 109.11493517410644 1.7097843429205822E-4
69 37 45.0 314 40.3705233105616 24.045874809130407 1.6007671519630835 0.8400357417446301 0.4315311017227104 0.4148423396899255 105.08182058086622 116.9596413721992 7.244639412491353E-4
70 48 63.0 339 50.375976141097084 24.08539039167316 2.485420964154209 0.5518513379818456 0.3846840185965302 0.5271305456535501 95.43632294843232 106.12444503320219 7.340167218490165E-6
71 32 38.0 145 58.427436136236494 22.822796670072442 3.677438645588879 0.6600647092991592 0.33139625945604106 0.2996221024364452 96.95669776935163 105.16957449128304 0.0012178462479379313
72 34 28.0 62 55.199347249973336 23.093071292709357 13.287743339496997 0.7733366752748594 0.4302225096860511 1.4935908897295043 115.36015798979672 113.94374736737197 0.0030172128921331022
73 44 58.0 86 53.32321474627365 22.757957564674175 8.48816410665907 0.2926696863168925 0.28442700179148694 1.168901249103007 77.01290786890294 73.2160086499861 1.61555802827319E-4
74 45 52.0 89 48.914943115033665 23.049409112612217 1.5645469955475353 0.512644275952296 0.42286655880375823 1.872691362177085 75.58070511015167 78.39709298308443 2.964387669025191E-4
75 43 50.0 240 47.42894902387257 22.73268064763446 3.6329139129814627 0.6494209204583761 0.34252119961882954 0.4645037644025214 111.2419244683992 115.55802319158029 0.0013171346919890882
76 32 36.0 88 51.129085859993594 20.43417400912531 9.677592985768309 0.5901622055170338 0.3783244370560358 2.2756911782183975 89.63121754719025 94.23656112701364 3.7077058854651917E-4
77 41 50.0 216 46.260674572581884 28.24120049764356 1.3270931985379841 0.6463853060734097 0.35001021144475125 0.07618593907002592 104.69982063981317 110.47914405199896 1.888372774174636E-4
78 43 55.0 147 52.78177702125717 22.881009344953043 0.9444921506952658 0.4645348174566718 0.2998943959827913 0.27310436622190737 90.38760154584126 94.7266809788145 6.559726434654465E-4
79 47 64.0 24 54.186216894586416 21.471671274537282 11.117529161438778 0.2481027776739301 0.06791461545188705 6.112523248372867 51.16917758792606 43.20581786741188 0.007181556671645279
80 47 64.0 24 58.147614167854535 22.52222537050582 1.5563137409854664 0.25178456083915696 0.06569663145778201 0.7355275353814439 50.233089516392816 43.13119828570019 6.806866375705879E-4
81 45 58.0 143 46.38278197898307 23.506091912621084 5.630605849929071 0.632211782819907 0.46653707159116553 2.1592508161744366 70.71431953520431 79.67565089770221 0.002359874707271763
82 41 51.0 165 57.132401884593534 21.607849183526053 2.820204201334895 0.31719289181237975 0.2301833559002971 0.027046932823902674 100.13919067415897 104.80210724320044 1.1530006031217135E-4
83 37 40.0 37 49.56905596508771 23.751900522199342 4.29132711891696 0.37295930135607785 0.414408054511938 0.3186540052602219 77.74072717613188 76.57426173574059 0.002550331839701592
84 34 34.0 87 60.206283896299524 24.959056340077527 4.005351457540213 0.6233625847363937 0.42068385321344887 0.6037719411908685 111.1849489355752 119.43405308065232 7.979525944014864E-4
85 44 69.0 238 57.71251256721435 21.82980076581844 3.5265842872259254 0.29413452788505573 0.2964207609711903 0.06867859275672367 77.94096942568515 80.64153942061404 1.4653186281396376E-4
86 39 46.0 135 59.720274508970306 21.985253402735434 8.04963565441841 0.3555697845412562 0.30347972182521643 0.3853352841462974 83.95987474128198 90.92023356758271 5.150310717972668E-4
87 41 44.0 94 57.758784681017225 21.538650143007587 7.208303879233938 0.5672838552268774 0.42828228174353977 1.0698619290268514 97.53044063202933 104.23037544993376 2.5749531253435696E-4
88 43 65.0 394 59.28825653862066 20.93825364280691 7.181315359810476 0.7230728396005296 0.3927194003379284 0.39653308310882834 93.46862101006798 105.41267669527794 1.687117794217206E-4
89 37 37.0 62 51.992444313550656 23.052381992474746 3.8149886397533974 0.3604446531321961 0.3208882566742572 3.377908969825633 91.257872134651 94.98720283292577 4.531881263547365E-4
90 45 59.0 140 49.544265284177634 21.561891558924557 10.0206345763735 0.4800342402940964 0.29675340432255826 0.5271862889205284 89.29646551202383 89.46755938293069 0.00116294071726741
91 42 50.0 229 50.62394085981566 23.325771299521648 2.7658486087191503 0.5770241528335047 0.3282867762699139 0.7689763917661077 88.45655281121294 96.60405623497056 3.8790354142025526E-5
92 37 39.0 164 38.08839921637482 20.2141693599857 0.757935729724138 0.6620331100868662 0.3615995626591378 0.3755918279787937 110.6840564854994 115.60773429231334 2.0936961902334874E-4
93 45 63.0 62 53.18287735312277 20.966717040023248 4.243737049670581 0.3051226833043146 0.33994691127911514 4.123135229915689 81.52996235467643 79.55701844665201 4.84610405919509E-4
94 43 49.0 139 48.976067459758696 25.35384350053596 4.436174131076187 0.5577320916123979 0.47490600501604124 0.21969713625353882 95.21587988345654 93.88781546026175 3.6685997440254355E-4
95 46 70.0 46 60.88799257382445 19.507383702384082 20.391192995465207 0.19305363212875604 0.05314249989834226 4.78294019070827 54.5554328408561 47.33497039739429 0.001016748510965163
96 47 77.0 54 61.86868887421556 16.900761867638174 12.242894754748818 0.3524799370380677 0.10401835888059963 2.0332102324266565 50.808542007255774 46.183386836290424 0.00856762018438722
97 41 62.0 150 54.38443227507242 21.711973090504156 4.447615788216844 0.2769513993279133 0.18384652222342718 0.05550375738057701 74.06826538313027 76.05229814009886 3.1730250462144364E-4
98 32 31.0 71 58.037478777523546 18.662723162065618 2.9624264269011586 0.5604146105242004 0.44471930641324703 0.21881203522634882 104.8723685934769 107.92306142585232 2.768846285625734E-4
99 37 47.0 90 56.44590897148426 23.308592391218085 10.248401339256485 0.5679719461355758 0.40092420233554715 1.9226443148498429 85.27914684465429 87.91976124695482 0.002073470899743801
100 41 48.0 201 53.45840812286558 24.128605478706312 1.5073593195215906 0.5605530024204678 0.34143580905043813 0.01363827095787489 104.20500375540175 105.12193471966431 1.6797863948230012E-5
